# BG_EvaluateTrajectory / Delta fixture table.
# T <trType> <trTime> <trDuration> <bx by bz> <dx dy dz> <atTime>
# trType: 0=STATIONARY 1=INTERPOLATE 2=LINEAR 3=LINEAR_STOP 4=NONLINEAR_STOP 5=SINE 6=GRAVITY
# floats are (float)atol of a plain int, or an 0xXXXXXXXX f32 bit pattern.
# --- trTime=1000 trDuration=4000 base=(100, -50, 12) delta=(10, -20, 30) ---
T 0 1000 4000 100 -50 12 10 -20 30 -500
T 0 1000 4000 100 -50 12 10 -20 30 0
T 0 1000 4000 100 -50 12 10 -20 30 1000
T 0 1000 4000 100 -50 12 10 -20 30 1500
T 0 1000 4000 100 -50 12 10 -20 30 3000
T 0 1000 4000 100 -50 12 10 -20 30 5000
T 0 1000 4000 100 -50 12 10 -20 30 6000
T 1 1000 4000 100 -50 12 10 -20 30 -500
T 1 1000 4000 100 -50 12 10 -20 30 0
T 1 1000 4000 100 -50 12 10 -20 30 1000
T 1 1000 4000 100 -50 12 10 -20 30 1500
T 1 1000 4000 100 -50 12 10 -20 30 3000
T 1 1000 4000 100 -50 12 10 -20 30 5000
T 1 1000 4000 100 -50 12 10 -20 30 6000
T 2 1000 4000 100 -50 12 10 -20 30 -500
T 2 1000 4000 100 -50 12 10 -20 30 0
T 2 1000 4000 100 -50 12 10 -20 30 1000
T 2 1000 4000 100 -50 12 10 -20 30 1500
T 2 1000 4000 100 -50 12 10 -20 30 3000
T 2 1000 4000 100 -50 12 10 -20 30 5000
T 2 1000 4000 100 -50 12 10 -20 30 6000
T 3 1000 4000 100 -50 12 10 -20 30 -500
T 3 1000 4000 100 -50 12 10 -20 30 0
T 3 1000 4000 100 -50 12 10 -20 30 1000
T 3 1000 4000 100 -50 12 10 -20 30 1500
T 3 1000 4000 100 -50 12 10 -20 30 3000
T 3 1000 4000 100 -50 12 10 -20 30 5000
T 3 1000 4000 100 -50 12 10 -20 30 6000
T 4 1000 4000 100 -50 12 10 -20 30 -500
T 4 1000 4000 100 -50 12 10 -20 30 0
T 4 1000 4000 100 -50 12 10 -20 30 1000
T 4 1000 4000 100 -50 12 10 -20 30 1500
T 4 1000 4000 100 -50 12 10 -20 30 3000
T 4 1000 4000 100 -50 12 10 -20 30 5000
T 4 1000 4000 100 -50 12 10 -20 30 6000
T 5 1000 4000 100 -50 12 10 -20 30 -500
T 5 1000 4000 100 -50 12 10 -20 30 0
T 5 1000 4000 100 -50 12 10 -20 30 1000
T 5 1000 4000 100 -50 12 10 -20 30 1500
T 5 1000 4000 100 -50 12 10 -20 30 3000
T 5 1000 4000 100 -50 12 10 -20 30 5000
T 5 1000 4000 100 -50 12 10 -20 30 6000
T 6 1000 4000 100 -50 12 10 -20 30 -500
T 6 1000 4000 100 -50 12 10 -20 30 0
T 6 1000 4000 100 -50 12 10 -20 30 1000
T 6 1000 4000 100 -50 12 10 -20 30 1500
T 6 1000 4000 100 -50 12 10 -20 30 3000
T 6 1000 4000 100 -50 12 10 -20 30 5000
T 6 1000 4000 100 -50 12 10 -20 30 6000
# --- trTime=333 trDuration=1234 base=(7, 3, -9) delta=(13, -17, 101) ---
T 0 333 1234 7 3 -9 13 -17 101 0
T 0 333 1234 7 3 -9 13 -17 101 100
T 0 333 1234 7 3 -9 13 -17 101 777
T 0 333 1234 7 3 -9 13 -17 101 1000
T 0 333 1234 7 3 -9 13 -17 101 2000
T 1 333 1234 7 3 -9 13 -17 101 0
T 1 333 1234 7 3 -9 13 -17 101 100
T 1 333 1234 7 3 -9 13 -17 101 777
T 1 333 1234 7 3 -9 13 -17 101 1000
T 1 333 1234 7 3 -9 13 -17 101 2000
T 2 333 1234 7 3 -9 13 -17 101 0
T 2 333 1234 7 3 -9 13 -17 101 100
T 2 333 1234 7 3 -9 13 -17 101 777
T 2 333 1234 7 3 -9 13 -17 101 1000
T 2 333 1234 7 3 -9 13 -17 101 2000
T 3 333 1234 7 3 -9 13 -17 101 0
T 3 333 1234 7 3 -9 13 -17 101 100
T 3 333 1234 7 3 -9 13 -17 101 777
T 3 333 1234 7 3 -9 13 -17 101 1000
T 3 333 1234 7 3 -9 13 -17 101 2000
T 4 333 1234 7 3 -9 13 -17 101 0
T 4 333 1234 7 3 -9 13 -17 101 100
T 4 333 1234 7 3 -9 13 -17 101 777
T 4 333 1234 7 3 -9 13 -17 101 1000
T 4 333 1234 7 3 -9 13 -17 101 2000
T 5 333 1234 7 3 -9 13 -17 101 0
T 5 333 1234 7 3 -9 13 -17 101 100
T 5 333 1234 7 3 -9 13 -17 101 777
T 5 333 1234 7 3 -9 13 -17 101 1000
T 5 333 1234 7 3 -9 13 -17 101 2000
T 6 333 1234 7 3 -9 13 -17 101 0
T 6 333 1234 7 3 -9 13 -17 101 100
T 6 333 1234 7 3 -9 13 -17 101 777
T 6 333 1234 7 3 -9 13 -17 101 1000
T 6 333 1234 7 3 -9 13 -17 101 2000
