== wsaber ==
== lockanim ==
la 0 0 0 2 5 767
la 0 0 0 2 6 831
la 0 0 0 3 5 766
la 0 0 0 3 6 765
la 0 0 0 4 5 769
la 0 0 0 4 6 768
la 0 0 1 2 5 762
la 0 0 1 2 6 830
la 0 0 1 3 5 761
la 0 0 1 3 6 760
la 0 0 1 4 5 764
la 0 0 1 4 6 763
la 0 1 0 2 5 767
la 0 1 0 2 6 767
la 0 1 0 3 5 766
la 0 1 0 3 6 765
la 0 1 0 4 5 769
la 0 1 0 4 6 768
la 0 1 1 2 5 762
la 0 1 1 2 6 762
la 0 1 1 3 5 761
la 0 1 1 3 6 760
la 0 1 1 4 5 764
la 0 1 1 4 6 763
la 0 2 0 2 5 767
la 0 2 0 2 6 767
la 0 2 0 3 5 766
la 0 2 0 3 6 765
la 0 2 0 4 5 769
la 0 2 0 4 6 768
la 0 2 1 2 5 762
la 0 2 1 2 6 762
la 0 2 1 3 5 761
la 0 2 1 3 6 760
la 0 2 1 4 5 764
la 0 2 1 4 6 763
la 0 3 0 2 5 767
la 0 3 0 2 6 767
la 0 3 0 3 5 766
la 0 3 0 3 6 765
la 0 3 0 4 5 769
la 0 3 0 4 6 768
la 0 3 1 2 5 762
la 0 3 1 2 6 762
la 0 3 1 3 5 761
la 0 3 1 3 6 760
la 0 3 1 4 5 764
la 0 3 1 4 6 763
la 0 4 0 2 5 767
la 0 4 0 2 6 767
la 0 4 0 3 5 766
la 0 4 0 3 6 765
la 0 4 0 4 5 769
la 0 4 0 4 6 768
la 0 4 1 2 5 762
la 0 4 1 2 6 762
la 0 4 1 3 5 761
la 0 4 1 3 6 760
la 0 4 1 4 5 764
la 0 4 1 4 6 763
la 0 5 0 2 5 767
la 0 5 0 2 6 767
la 0 5 0 3 5 766
la 0 5 0 3 6 765
la 0 5 0 4 5 769
la 0 5 0 4 6 768
la 0 5 1 2 5 762
la 0 5 1 2 6 762
la 0 5 1 3 5 761
la 0 5 1 3 6 760
la 0 5 1 4 5 764
la 0 5 1 4 6 763
la 0 6 0 2 5 747
la 0 6 0 2 6 747
la 0 6 0 3 5 746
la 0 6 0 3 6 745
la 0 6 0 4 5 749
la 0 6 0 4 6 748
la 0 6 1 2 5 742
la 0 6 1 2 6 742
la 0 6 1 3 5 741
la 0 6 1 3 6 740
la 0 6 1 4 5 744
la 0 6 1 4 6 743
la 0 7 0 2 5 757
la 0 7 0 2 6 757
la 0 7 0 3 5 756
la 0 7 0 3 6 755
la 0 7 0 4 5 759
la 0 7 0 4 6 758
la 0 7 1 2 5 752
la 0 7 1 2 6 752
la 0 7 1 3 5 751
la 0 7 1 3 6 750
la 0 7 1 4 5 754
la 0 7 1 4 6 753
la 1 0 0 2 5 767
la 1 0 0 2 6 767
la 1 0 0 3 5 766
la 1 0 0 3 6 765
la 1 0 0 4 5 769
la 1 0 0 4 6 768
la 1 0 1 2 5 762
la 1 0 1 2 6 762
la 1 0 1 3 5 761
la 1 0 1 3 6 760
la 1 0 1 4 5 764
la 1 0 1 4 6 763
la 1 1 0 2 5 767
la 1 1 0 2 6 831
la 1 1 0 3 5 766
la 1 1 0 3 6 765
la 1 1 0 4 5 769
la 1 1 0 4 6 768
la 1 1 1 2 5 762
la 1 1 1 2 6 830
la 1 1 1 3 5 761
la 1 1 1 3 6 760
la 1 1 1 4 5 764
la 1 1 1 4 6 763
la 1 2 0 2 5 767
la 1 2 0 2 6 831
la 1 2 0 3 5 766
la 1 2 0 3 6 765
la 1 2 0 4 5 769
la 1 2 0 4 6 768
la 1 2 1 2 5 762
la 1 2 1 2 6 830
la 1 2 1 3 5 761
la 1 2 1 3 6 760
la 1 2 1 4 5 764
la 1 2 1 4 6 763
la 1 3 0 2 5 767
la 1 3 0 2 6 831
la 1 3 0 3 5 766
la 1 3 0 3 6 765
la 1 3 0 4 5 769
la 1 3 0 4 6 768
la 1 3 1 2 5 762
la 1 3 1 2 6 830
la 1 3 1 3 5 761
la 1 3 1 3 6 760
la 1 3 1 4 5 764
la 1 3 1 4 6 763
la 1 4 0 2 5 767
la 1 4 0 2 6 831
la 1 4 0 3 5 766
la 1 4 0 3 6 765
la 1 4 0 4 5 769
la 1 4 0 4 6 768
la 1 4 1 2 5 762
la 1 4 1 2 6 830
la 1 4 1 3 5 761
la 1 4 1 3 6 760
la 1 4 1 4 5 764
la 1 4 1 4 6 763
la 1 5 0 2 5 767
la 1 5 0 2 6 831
la 1 5 0 3 5 766
la 1 5 0 3 6 765
la 1 5 0 4 5 769
la 1 5 0 4 6 768
la 1 5 1 2 5 762
la 1 5 1 2 6 830
la 1 5 1 3 5 761
la 1 5 1 3 6 760
la 1 5 1 4 5 764
la 1 5 1 4 6 763
la 1 6 0 2 5 747
la 1 6 0 2 6 747
la 1 6 0 3 5 746
la 1 6 0 3 6 745
la 1 6 0 4 5 749
la 1 6 0 4 6 748
la 1 6 1 2 5 742
la 1 6 1 2 6 742
la 1 6 1 3 5 741
la 1 6 1 3 6 740
la 1 6 1 4 5 744
la 1 6 1 4 6 743
la 1 7 0 2 5 757
la 1 7 0 2 6 757
la 1 7 0 3 5 756
la 1 7 0 3 6 755
la 1 7 0 4 5 759
la 1 7 0 4 6 758
la 1 7 1 2 5 752
la 1 7 1 2 6 752
la 1 7 1 3 5 751
la 1 7 1 3 6 750
la 1 7 1 4 5 754
la 1 7 1 4 6 753
la 2 0 0 2 5 767
la 2 0 0 2 6 767
la 2 0 0 3 5 766
la 2 0 0 3 6 765
la 2 0 0 4 5 769
la 2 0 0 4 6 768
la 2 0 1 2 5 762
la 2 0 1 2 6 762
la 2 0 1 3 5 761
la 2 0 1 3 6 760
la 2 0 1 4 5 764
la 2 0 1 4 6 763
la 2 1 0 2 5 767
la 2 1 0 2 6 831
la 2 1 0 3 5 766
la 2 1 0 3 6 765
la 2 1 0 4 5 769
la 2 1 0 4 6 768
la 2 1 1 2 5 762
la 2 1 1 2 6 830
la 2 1 1 3 5 761
la 2 1 1 3 6 760
la 2 1 1 4 5 764
la 2 1 1 4 6 763
la 2 2 0 2 5 767
la 2 2 0 2 6 831
la 2 2 0 3 5 766
la 2 2 0 3 6 765
la 2 2 0 4 5 769
la 2 2 0 4 6 768
la 2 2 1 2 5 762
la 2 2 1 2 6 830
la 2 2 1 3 5 761
la 2 2 1 3 6 760
la 2 2 1 4 5 764
la 2 2 1 4 6 763
la 2 3 0 2 5 767
la 2 3 0 2 6 831
la 2 3 0 3 5 766
la 2 3 0 3 6 765
la 2 3 0 4 5 769
la 2 3 0 4 6 768
la 2 3 1 2 5 762
la 2 3 1 2 6 830
la 2 3 1 3 5 761
la 2 3 1 3 6 760
la 2 3 1 4 5 764
la 2 3 1 4 6 763
la 2 4 0 2 5 767
la 2 4 0 2 6 831
la 2 4 0 3 5 766
la 2 4 0 3 6 765
la 2 4 0 4 5 769
la 2 4 0 4 6 768
la 2 4 1 2 5 762
la 2 4 1 2 6 830
la 2 4 1 3 5 761
la 2 4 1 3 6 760
la 2 4 1 4 5 764
la 2 4 1 4 6 763
la 2 5 0 2 5 767
la 2 5 0 2 6 831
la 2 5 0 3 5 766
la 2 5 0 3 6 765
la 2 5 0 4 5 769
la 2 5 0 4 6 768
la 2 5 1 2 5 762
la 2 5 1 2 6 830
la 2 5 1 3 5 761
la 2 5 1 3 6 760
la 2 5 1 4 5 764
la 2 5 1 4 6 763
la 2 6 0 2 5 747
la 2 6 0 2 6 747
la 2 6 0 3 5 746
la 2 6 0 3 6 745
la 2 6 0 4 5 749
la 2 6 0 4 6 748
la 2 6 1 2 5 742
la 2 6 1 2 6 742
la 2 6 1 3 5 741
la 2 6 1 3 6 740
la 2 6 1 4 5 744
la 2 6 1 4 6 743
la 2 7 0 2 5 757
la 2 7 0 2 6 757
la 2 7 0 3 5 756
la 2 7 0 3 6 755
la 2 7 0 4 5 759
la 2 7 0 4 6 758
la 2 7 1 2 5 752
la 2 7 1 2 6 752
la 2 7 1 3 5 751
la 2 7 1 3 6 750
la 2 7 1 4 5 754
la 2 7 1 4 6 753
la 3 0 0 2 5 767
la 3 0 0 2 6 767
la 3 0 0 3 5 766
la 3 0 0 3 6 765
la 3 0 0 4 5 769
la 3 0 0 4 6 768
la 3 0 1 2 5 762
la 3 0 1 2 6 762
la 3 0 1 3 5 761
la 3 0 1 3 6 760
la 3 0 1 4 5 764
la 3 0 1 4 6 763
la 3 1 0 2 5 767
la 3 1 0 2 6 831
la 3 1 0 3 5 766
la 3 1 0 3 6 765
la 3 1 0 4 5 769
la 3 1 0 4 6 768
la 3 1 1 2 5 762
la 3 1 1 2 6 830
la 3 1 1 3 5 761
la 3 1 1 3 6 760
la 3 1 1 4 5 764
la 3 1 1 4 6 763
la 3 2 0 2 5 767
la 3 2 0 2 6 831
la 3 2 0 3 5 766
la 3 2 0 3 6 765
la 3 2 0 4 5 769
la 3 2 0 4 6 768
la 3 2 1 2 5 762
la 3 2 1 2 6 830
la 3 2 1 3 5 761
la 3 2 1 3 6 760
la 3 2 1 4 5 764
la 3 2 1 4 6 763
la 3 3 0 2 5 767
la 3 3 0 2 6 831
la 3 3 0 3 5 766
la 3 3 0 3 6 765
la 3 3 0 4 5 769
la 3 3 0 4 6 768
la 3 3 1 2 5 762
la 3 3 1 2 6 830
la 3 3 1 3 5 761
la 3 3 1 3 6 760
la 3 3 1 4 5 764
la 3 3 1 4 6 763
la 3 4 0 2 5 767
la 3 4 0 2 6 831
la 3 4 0 3 5 766
la 3 4 0 3 6 765
la 3 4 0 4 5 769
la 3 4 0 4 6 768
la 3 4 1 2 5 762
la 3 4 1 2 6 830
la 3 4 1 3 5 761
la 3 4 1 3 6 760
la 3 4 1 4 5 764
la 3 4 1 4 6 763
la 3 5 0 2 5 767
la 3 5 0 2 6 831
la 3 5 0 3 5 766
la 3 5 0 3 6 765
la 3 5 0 4 5 769
la 3 5 0 4 6 768
la 3 5 1 2 5 762
la 3 5 1 2 6 830
la 3 5 1 3 5 761
la 3 5 1 3 6 760
la 3 5 1 4 5 764
la 3 5 1 4 6 763
la 3 6 0 2 5 747
la 3 6 0 2 6 747
la 3 6 0 3 5 746
la 3 6 0 3 6 745
la 3 6 0 4 5 749
la 3 6 0 4 6 748
la 3 6 1 2 5 742
la 3 6 1 2 6 742
la 3 6 1 3 5 741
la 3 6 1 3 6 740
la 3 6 1 4 5 744
la 3 6 1 4 6 743
la 3 7 0 2 5 757
la 3 7 0 2 6 757
la 3 7 0 3 5 756
la 3 7 0 3 6 755
la 3 7 0 4 5 759
la 3 7 0 4 6 758
la 3 7 1 2 5 752
la 3 7 1 2 6 752
la 3 7 1 3 5 751
la 3 7 1 3 6 750
la 3 7 1 4 5 754
la 3 7 1 4 6 753
la 4 0 0 2 5 767
la 4 0 0 2 6 767
la 4 0 0 3 5 766
la 4 0 0 3 6 765
la 4 0 0 4 5 769
la 4 0 0 4 6 768
la 4 0 1 2 5 762
la 4 0 1 2 6 762
la 4 0 1 3 5 761
la 4 0 1 3 6 760
la 4 0 1 4 5 764
la 4 0 1 4 6 763
la 4 1 0 2 5 767
la 4 1 0 2 6 831
la 4 1 0 3 5 766
la 4 1 0 3 6 765
la 4 1 0 4 5 769
la 4 1 0 4 6 768
la 4 1 1 2 5 762
la 4 1 1 2 6 830
la 4 1 1 3 5 761
la 4 1 1 3 6 760
la 4 1 1 4 5 764
la 4 1 1 4 6 763
la 4 2 0 2 5 767
la 4 2 0 2 6 831
la 4 2 0 3 5 766
la 4 2 0 3 6 765
la 4 2 0 4 5 769
la 4 2 0 4 6 768
la 4 2 1 2 5 762
la 4 2 1 2 6 830
la 4 2 1 3 5 761
la 4 2 1 3 6 760
la 4 2 1 4 5 764
la 4 2 1 4 6 763
la 4 3 0 2 5 767
la 4 3 0 2 6 831
la 4 3 0 3 5 766
la 4 3 0 3 6 765
la 4 3 0 4 5 769
la 4 3 0 4 6 768
la 4 3 1 2 5 762
la 4 3 1 2 6 830
la 4 3 1 3 5 761
la 4 3 1 3 6 760
la 4 3 1 4 5 764
la 4 3 1 4 6 763
la 4 4 0 2 5 767
la 4 4 0 2 6 831
la 4 4 0 3 5 766
la 4 4 0 3 6 765
la 4 4 0 4 5 769
la 4 4 0 4 6 768
la 4 4 1 2 5 762
la 4 4 1 2 6 830
la 4 4 1 3 5 761
la 4 4 1 3 6 760
la 4 4 1 4 5 764
la 4 4 1 4 6 763
la 4 5 0 2 5 767
la 4 5 0 2 6 831
la 4 5 0 3 5 766
la 4 5 0 3 6 765
la 4 5 0 4 5 769
la 4 5 0 4 6 768
la 4 5 1 2 5 762
la 4 5 1 2 6 830
la 4 5 1 3 5 761
la 4 5 1 3 6 760
la 4 5 1 4 5 764
la 4 5 1 4 6 763
la 4 6 0 2 5 747
la 4 6 0 2 6 747
la 4 6 0 3 5 746
la 4 6 0 3 6 745
la 4 6 0 4 5 749
la 4 6 0 4 6 748
la 4 6 1 2 5 742
la 4 6 1 2 6 742
la 4 6 1 3 5 741
la 4 6 1 3 6 740
la 4 6 1 4 5 744
la 4 6 1 4 6 743
la 4 7 0 2 5 757
la 4 7 0 2 6 757
la 4 7 0 3 5 756
la 4 7 0 3 6 755
la 4 7 0 4 5 759
la 4 7 0 4 6 758
la 4 7 1 2 5 752
la 4 7 1 2 6 752
la 4 7 1 3 5 751
la 4 7 1 3 6 750
la 4 7 1 4 5 754
la 4 7 1 4 6 753
la 5 0 0 2 5 767
la 5 0 0 2 6 767
la 5 0 0 3 5 766
la 5 0 0 3 6 765
la 5 0 0 4 5 769
la 5 0 0 4 6 768
la 5 0 1 2 5 762
la 5 0 1 2 6 762
la 5 0 1 3 5 761
la 5 0 1 3 6 760
la 5 0 1 4 5 764
la 5 0 1 4 6 763
la 5 1 0 2 5 767
la 5 1 0 2 6 831
la 5 1 0 3 5 766
la 5 1 0 3 6 765
la 5 1 0 4 5 769
la 5 1 0 4 6 768
la 5 1 1 2 5 762
la 5 1 1 2 6 830
la 5 1 1 3 5 761
la 5 1 1 3 6 760
la 5 1 1 4 5 764
la 5 1 1 4 6 763
la 5 2 0 2 5 767
la 5 2 0 2 6 831
la 5 2 0 3 5 766
la 5 2 0 3 6 765
la 5 2 0 4 5 769
la 5 2 0 4 6 768
la 5 2 1 2 5 762
la 5 2 1 2 6 830
la 5 2 1 3 5 761
la 5 2 1 3 6 760
la 5 2 1 4 5 764
la 5 2 1 4 6 763
la 5 3 0 2 5 767
la 5 3 0 2 6 831
la 5 3 0 3 5 766
la 5 3 0 3 6 765
la 5 3 0 4 5 769
la 5 3 0 4 6 768
la 5 3 1 2 5 762
la 5 3 1 2 6 830
la 5 3 1 3 5 761
la 5 3 1 3 6 760
la 5 3 1 4 5 764
la 5 3 1 4 6 763
la 5 4 0 2 5 767
la 5 4 0 2 6 831
la 5 4 0 3 5 766
la 5 4 0 3 6 765
la 5 4 0 4 5 769
la 5 4 0 4 6 768
la 5 4 1 2 5 762
la 5 4 1 2 6 830
la 5 4 1 3 5 761
la 5 4 1 3 6 760
la 5 4 1 4 5 764
la 5 4 1 4 6 763
la 5 5 0 2 5 767
la 5 5 0 2 6 831
la 5 5 0 3 5 766
la 5 5 0 3 6 765
la 5 5 0 4 5 769
la 5 5 0 4 6 768
la 5 5 1 2 5 762
la 5 5 1 2 6 830
la 5 5 1 3 5 761
la 5 5 1 3 6 760
la 5 5 1 4 5 764
la 5 5 1 4 6 763
la 5 6 0 2 5 747
la 5 6 0 2 6 747
la 5 6 0 3 5 746
la 5 6 0 3 6 745
la 5 6 0 4 5 749
la 5 6 0 4 6 748
la 5 6 1 2 5 742
la 5 6 1 2 6 742
la 5 6 1 3 5 741
la 5 6 1 3 6 740
la 5 6 1 4 5 744
la 5 6 1 4 6 743
la 5 7 0 2 5 757
la 5 7 0 2 6 757
la 5 7 0 3 5 756
la 5 7 0 3 6 755
la 5 7 0 4 5 759
la 5 7 0 4 6 758
la 5 7 1 2 5 752
la 5 7 1 2 6 752
la 5 7 1 3 5 751
la 5 7 1 3 6 750
la 5 7 1 4 5 754
la 5 7 1 4 6 753
la 6 0 0 2 5 797
la 6 0 0 2 6 797
la 6 0 0 3 5 796
la 6 0 0 3 6 795
la 6 0 0 4 5 799
la 6 0 0 4 6 798
la 6 0 1 2 5 792
la 6 0 1 2 6 792
la 6 0 1 3 5 791
la 6 0 1 3 6 790
la 6 0 1 4 5 794
la 6 0 1 4 6 793
la 6 1 0 2 5 797
la 6 1 0 2 6 797
la 6 1 0 3 5 796
la 6 1 0 3 6 795
la 6 1 0 4 5 799
la 6 1 0 4 6 798
la 6 1 1 2 5 792
la 6 1 1 2 6 792
la 6 1 1 3 5 791
la 6 1 1 3 6 790
la 6 1 1 4 5 794
la 6 1 1 4 6 793
la 6 2 0 2 5 797
la 6 2 0 2 6 797
la 6 2 0 3 5 796
la 6 2 0 3 6 795
la 6 2 0 4 5 799
la 6 2 0 4 6 798
la 6 2 1 2 5 792
la 6 2 1 2 6 792
la 6 2 1 3 5 791
la 6 2 1 3 6 790
la 6 2 1 4 5 794
la 6 2 1 4 6 793
la 6 3 0 2 5 797
la 6 3 0 2 6 797
la 6 3 0 3 5 796
la 6 3 0 3 6 795
la 6 3 0 4 5 799
la 6 3 0 4 6 798
la 6 3 1 2 5 792
la 6 3 1 2 6 792
la 6 3 1 3 5 791
la 6 3 1 3 6 790
la 6 3 1 4 5 794
la 6 3 1 4 6 793
la 6 4 0 2 5 797
la 6 4 0 2 6 797
la 6 4 0 3 5 796
la 6 4 0 3 6 795
la 6 4 0 4 5 799
la 6 4 0 4 6 798
la 6 4 1 2 5 792
la 6 4 1 2 6 792
la 6 4 1 3 5 791
la 6 4 1 3 6 790
la 6 4 1 4 5 794
la 6 4 1 4 6 793
la 6 5 0 2 5 797
la 6 5 0 2 6 797
la 6 5 0 3 5 796
la 6 5 0 3 6 795
la 6 5 0 4 5 799
la 6 5 0 4 6 798
la 6 5 1 2 5 792
la 6 5 1 2 6 792
la 6 5 1 3 5 791
la 6 5 1 3 6 790
la 6 5 1 4 5 794
la 6 5 1 4 6 793
la 6 6 0 2 5 777
la 6 6 0 2 6 833
la 6 6 0 3 5 776
la 6 6 0 3 6 775
la 6 6 0 4 5 779
la 6 6 0 4 6 778
la 6 6 1 2 5 772
la 6 6 1 2 6 832
la 6 6 1 3 5 771
la 6 6 1 3 6 770
la 6 6 1 4 5 774
la 6 6 1 4 6 773
la 6 7 0 2 5 787
la 6 7 0 2 6 787
la 6 7 0 3 5 786
la 6 7 0 3 6 785
la 6 7 0 4 5 789
la 6 7 0 4 6 788
la 6 7 1 2 5 782
la 6 7 1 2 6 782
la 6 7 1 3 5 781
la 6 7 1 3 6 780
la 6 7 1 4 5 784
la 6 7 1 4 6 783
la 7 0 0 2 5 827
la 7 0 0 2 6 827
la 7 0 0 3 5 826
la 7 0 0 3 6 825
la 7 0 0 4 5 829
la 7 0 0 4 6 828
la 7 0 1 2 5 822
la 7 0 1 2 6 822
la 7 0 1 3 5 821
la 7 0 1 3 6 820
la 7 0 1 4 5 824
la 7 0 1 4 6 823
la 7 1 0 2 5 827
la 7 1 0 2 6 827
la 7 1 0 3 5 826
la 7 1 0 3 6 825
la 7 1 0 4 5 829
la 7 1 0 4 6 828
la 7 1 1 2 5 822
la 7 1 1 2 6 822
la 7 1 1 3 5 821
la 7 1 1 3 6 820
la 7 1 1 4 5 824
la 7 1 1 4 6 823
la 7 2 0 2 5 827
la 7 2 0 2 6 827
la 7 2 0 3 5 826
la 7 2 0 3 6 825
la 7 2 0 4 5 829
la 7 2 0 4 6 828
la 7 2 1 2 5 822
la 7 2 1 2 6 822
la 7 2 1 3 5 821
la 7 2 1 3 6 820
la 7 2 1 4 5 824
la 7 2 1 4 6 823
la 7 3 0 2 5 827
la 7 3 0 2 6 827
la 7 3 0 3 5 826
la 7 3 0 3 6 825
la 7 3 0 4 5 829
la 7 3 0 4 6 828
la 7 3 1 2 5 822
la 7 3 1 2 6 822
la 7 3 1 3 5 821
la 7 3 1 3 6 820
la 7 3 1 4 5 824
la 7 3 1 4 6 823
la 7 4 0 2 5 827
la 7 4 0 2 6 827
la 7 4 0 3 5 826
la 7 4 0 3 6 825
la 7 4 0 4 5 829
la 7 4 0 4 6 828
la 7 4 1 2 5 822
la 7 4 1 2 6 822
la 7 4 1 3 5 821
la 7 4 1 3 6 820
la 7 4 1 4 5 824
la 7 4 1 4 6 823
la 7 5 0 2 5 827
la 7 5 0 2 6 827
la 7 5 0 3 5 826
la 7 5 0 3 6 825
la 7 5 0 4 5 829
la 7 5 0 4 6 828
la 7 5 1 2 5 822
la 7 5 1 2 6 822
la 7 5 1 3 5 821
la 7 5 1 3 6 820
la 7 5 1 4 5 824
la 7 5 1 4 6 823
la 7 6 0 2 5 807
la 7 6 0 2 6 807
la 7 6 0 3 5 806
la 7 6 0 3 6 805
la 7 6 0 4 5 809
la 7 6 0 4 6 808
la 7 6 1 2 5 802
la 7 6 1 2 6 802
la 7 6 1 3 5 801
la 7 6 1 3 6 800
la 7 6 1 4 5 804
la 7 6 1 4 6 803
la 7 7 0 2 5 817
la 7 7 0 2 6 835
la 7 7 0 3 5 816
la 7 7 0 3 6 815
la 7 7 0 4 5 819
la 7 7 0 4 6 818
la 7 7 1 2 5 812
la 7 7 1 2 6 834
la 7 7 1 3 5 811
la 7 7 1 3 6 810
la 7 7 1 4 5 814
la 7 7 1 4 6 813
== knockaway ==
kp 0 148
kp 1 148
kp 2 148
kp 3 148
kp 4 148
kp 5 148
kp 6 148
kp 7 148
kp 8 148
kp 9 148
kp 10 148
kp 11 148
kp 12 148
kp 13 148
kp 14 148
kp 15 148
kp 16 148
kp 17 148
kp 18 148
kp 19 148
kp 20 148
kp 21 148
kp 22 148
kp 23 148
kp 24 148
kp 25 148
kp 26 148
kp 27 148
kp 28 148
kp 29 148
kp 30 148
kp 31 148
kp 32 148
kp 33 148
kp 34 148
kp 35 148
kp 36 148
kp 37 148
kp 38 148
kp 39 148
kp 40 148
kp 41 148
kp 42 148
kp 43 148
kp 44 148
kp 45 148
kp 46 148
kp 47 148
kp 48 148
kp 49 148
kp 50 148
kp 51 148
kp 52 148
kp 53 148
kp 54 148
kp 55 148
kp 56 148
kp 57 148
kp 58 148
kp 59 148
kp 60 148
kp 61 148
kp 62 148
kp 63 148
kp 64 148
kp 65 148
kp 66 148
kp 67 148
kp 68 148
kp 69 148
kp 70 148
kp 71 148
kp 72 148
kp 73 148
kp 74 148
kp 75 148
kp 76 148
kp 77 148
kp 78 148
kp 79 148
kp 80 148
kp 81 148
kp 82 148
kp 83 148
kp 84 148
kp 85 148
kp 86 148
kp 87 148
kp 88 148
kp 89 148
kp 90 148
kp 91 148
kp 92 148
kp 93 148
kp 94 148
kp 95 148
kp 96 148
kp 97 148
kp 98 148
kp 99 148
kp 100 148
kp 101 148
kp 102 148
kp 103 148
kp 104 148
kp 105 148
kp 106 148
kp 107 148
kp 108 148
kp 109 148
kp 110 148
kp 111 148
kp 112 148
kp 113 148
kp 114 148
kp 115 148
kp 116 148
kp 117 148
kp 118 148
kp 119 148
kp 120 148
kp 121 148
kp 122 148
kp 123 148
kp 124 148
kp 125 148
kp 126 148
kp 127 148
kp 128 148
kp 129 148
kp 130 148
kp 131 148
kp 132 148
kp 133 148
kp 134 148
kp 135 148
kp 136 148
kp 137 148
kp 138 148
kp 139 148
kp 140 148
kp 141 148
kp 142 148
kp 143 148
kp 144 148
kp 145 148
kp 146 148
kp 147 148
kp 148 148
kp 149 148
kp 150 148
kp 151 148
kp 152 147
kp 153 148
kp 154 149
kp 155 150
kp 156 151
kp 157 148
kp 158 148
kp 159 148
kp 160 148
kp 161 148
kp 162 148
kp 163 148
kp 164 148
kp 165 148
kp 166 148
kp 167 148
kp 168 148
kp 169 148
kp 170 148
kp 171 148
kp 172 148
kp 173 148
kp 174 148
kp 175 148
kp 176 148
kp 177 148
kp 178 148
kp 179 148
kp 180 148
kp 181 148
kp 182 148
kp 183 148
kp 184 148
kp 185 148
kp 186 148
kp 187 148
kp 188 148
kp 189 148
kp 190 148
kp 191 148
kp 192 148
kp 193 148
kp 194 148
kp 195 148
kp 196 148
kp 197 148
kp 198 148
kp 199 148
kp 200 148
kp 201 148
kp 202 148
kp 203 148
kp 204 148
kp 205 148
kp 206 148
kp 207 148
kp 208 148
kp 209 148
kp 210 148
kp 211 148
kp 212 148
kp 213 148
kp 214 148
kp 215 148
kp 216 148
kp 217 148
kp 218 148
kp 219 148
kp 220 148
kp 221 148
kp 222 148
kp 223 148
kp 224 148
kp 225 148
kp 226 148
kp 227 148
kp 228 148
kp 229 148
kp 230 148
kp 231 148
kp 232 148
kp 233 148
kp 234 148
kp 235 148
kp 236 148
kp 237 148
kp 238 148
kp 239 148
kp 240 148
== end ==
